P01: 002 003 004 010 018 019
P02: 003 004 005 011 015 019
P03: 001 002 004 007 008 013 022 027 005 006 015
P04: 000 001 003 005 006 015 018 004 007
P05: 000 002 003 004 005 023 010 017
P06: 001 002 004 007 024 027 008 012 017
P07: 003 004 008 013 014 005 012 006
P08: 000 003 005 022 023 004
P09: 001 005 006 011 017 002 003 004 007 010 009
P10: 005 009 018 024 026 011 022 015 017
P11: 001 002 006 009 010 015 019 024
P12: 002 003 006 008 012 017 007 029
P13: 001 002 009 011 019 025
P14: 000 002 003 004 006 013 016 027
P15: 001 002 003 004 005 006 009 017 027
P16: 002 003 005 006 008 011 004 017 019 030
P17: 001 004 005 006 007 009
P18: 000 001 002 003 004 006 008 015 025
P19: 001 004 009 010 015 019 005 006
P20: 003 005 007 008 013 018 025 017 001
P21: 000 003 004 007 019 006 012 002 008 023 029
P22:
P23: 000 002 004 006 008 003 007 021 027 001 005 023
P24: 000 001 002 006 007 008 012 017 020 025 009 003
P25: 000 001 002 003 004 005 024
P26: 000 002 003 004 013 019 022 001 005 007
P27: 000 001 002 003 005 006 007 008 009 026 011 025 023
P28: 000 001 002 007 015 025 014 022 005 003
P29: 000 001 010 011 013 019 023 029 007
P30: 000 001 002 003 006 012 014 018 021 017 005 009 016 004 024
P31: 000 001 002 003 005 006 013 017 020 012 025
P32: 000 001 002 003 006 008 013 015 018 022 029 019
P33: 000 001 003 005 006 009 010 022 004 025
P34:
P35: 000 001 005 011 013 014 018 020 029 030 002 004
P36: 000 001 002 010 012 016 017 021 013
P37: 000 001 002 003 005 007 008 019 006 009 013